# BotVang V10 Multi-Class Model
buy_bias=-0.421541558719
buy_weights=0.12483411734337142,0.25910783137104676,-0.06039451001889065,0.03370702635315072,-0.004252897083115574,0.10470227069125866,-0.053914121717814706,-0.040115158686638064,0.021564062919017652,0.04403462748594166,-0.07025941733358197,-0.08098661066525763,0.14361642428975757,-0.047436143578675975,0.0013104388316360041,0.0324169869374574,-1.2379022623275475,0.6175026704662544,-0.23969895112866135,0.0018771858651451684,0.1436501634966608,0.052386073960207655
sell_bias=-1.6087364424
sell_weights=-0.11213041237910115,-0.26891929737280873,0.025225366493555786,-0.014626517974763612,0.019428139465256945,-0.02375115471395067,0.005837618273069925,-0.07894759400058243,0.02766085917279451,-0.02046632896190777,-0.06204569378411027,0.19529770655830078,0.44137686335768256,-0.043495490488213905,0.008051563549809827,-0.02984666675045195,1.0269104685451003,-0.18685054966266573,0.6444950405190003,0.002197586331399602,-0.10340924171450269,0.18249262370515607
neu_bias=-0.17444116007
neu_weights=-0.008443596148962678,-0.0008221409916617484,0.024517204362052743,0.05702287684411206,-0.012959980336830901,-0.08106070770793199,0.029474645648387587,0.07466804226372006,0.009751113318354813,-0.04950314361977979,0.07308807014985831,-0.15742269109959445,-0.605006214729637,0.07542591490016098,-0.009394807147813922,-0.012158922977802054,0.04710114804552909,-0.4774539175056899,-0.3803155150719618,-0.1908177028883817,-0.05247816209636338,-0.13376899420707125
scaler_median=0.031812979435110675,0.10975623709678375,0.25319210319405944,0.8622318244321041,8.209435666111647e-05,0.0002824365421568716,0.0007004499955884677,0.5264700750465036,0.5796300426820936,-0.04360396315537419,0.0020018897839560548,0.0,0.0,-0.022553906257658463,-0.0003247938162278387,0.019823083879018166,-1.0,0.7892400114834853,0.9236523978102361,0.0007952380952378414,0.5354558610709272,1.0
scaler_iqr=0.7133219874941241,1.2991332665094855,2.3576497210869225,0.5703747420133206,0.0020754557163153815,0.0027256629680009296,0.005130652706697214,0.17086058476150828,0.5016790679316608,1.265699986040569,0.0016491497608653002,1.0,1.0,0.6417883814004302,0.0025679358092812973,0.13967523289735517,2.0,0.8929337310177176,0.9309196079610164,0.0006357379161597016,0.42594749462800063,2.0
threshold_buy=0.6000
threshold_sell=0.6000
